339458 835213
27218 41986
339535 965096
65520 119973
339472 845339
311544 507881
339464 839202
291770 468068
238108 414586
46493 86298
54486 111147
261924 439751
280199 465669
339416 769351
339270 558975
339447 819767
339518 926663
339446 810166
334930 549037
339401 729036
339470 846702
137879 255138
339438 790792
159816 273252
193369 326701
214337 351301
339333 662910
339449 826792
177889 280867
129759 219984
339355 677676
101373 162168
17633 35879
221435 368791
339346 667752
323148 524435
339260 552849
53939 104456
120867 178610
339529 955278
2101 6575
209972 335884
339289 599529
339308 625910
339288 583153
339474 850549
339340 649255
339268 557005
322043 523574
181317 307550
221905 360041
92265 154222
339280 581376
339363 707383
77541 124711
339541 975107
339476 852997
2163 11742
339482 862155
324118 536882
315225 490851
339300 612538
291662 475559
339328 639968
84498 145118
226974 379239
339434 784690
339531 959185
339367 718271
83498 140064
124286 180336
115974 176790
50979 90208
265365 441549
208216 332091
339317 633693
339278 567922
38613 64614
339412 753500
339383 720414
127506 202773
309933 510704
339499 895247
339510 896367
80131 135119
339432 780379
339359 702012
84854 143309
339385 719711
339408 751030
199911 329081
293965 484005
14761 27288
154990 268242
180152 302055
196539 326960
35996 56764
86682 147044
136243 239002
40146 65747
240642 413874
88040 147935
339259 551322
293905 477512
149418 262875
231412 387392
339271 558815
178530 293728
43927 85569
339372 718440
339456 833773
223904 372558
308741 499843
243468 422017
339462 837226
339428 775135
339329 652624
8946 24206
147091 255887
339526 940766
339548 980296
339343 663004
235571 394755
339349 672862
9426 26373
191286 314064
339351 677210
287630 474761
208325 333427
242910 415911
219083 351426
339466 840091
339467 840430
237580 407454
76567 121352
339395 727494
177453 285537
339495 862073
339542 969380
178290 289536
339284 583090
294906 479720
225556 378092
93383 154498
12828 34627
276580 461709
339297 601726
175345 276890
339512 913215
339258 551303
339382 720010
78254 129976
339521 928136
339304 616073
279444 462540
237897 413658
339360 704447
339501 907146
339362 706711
339307 625262
180787 304192
339519 930986
58491 105656
30604 53165
331 440
167821 272772
128416 204915
339364 705901
125977 190391
150675 271829
339528 946365
83047 138298
339550 987138
22462 41870
287928 466792
132266 216861
333216 545652
39853 75237
339504 919511
339365 712918
339554 996262
339407 734176
339453 831205
18219 37500
192609 319144
332200 543594
339369 718415
339286 598075
339321 644247
41457 77230
339277 559125
27750 46324
339327 635975
255241 427983
339262 554082
339366 713394
339497 869762
268866 446864
259604 436957
339540 974280
66495 115654
339537 969219
339514 926578
339427 770577
5826 5250
212557 351136
339347 669802
339469 841897
194392 315313
163664 275816
339272 559466
100076 166208
339319 637677
271373 457959
339345 666326
103917 170646
339413 764532
270224 457235
339361 705041
238932 420965
339314 631962
339465 839777
326442 546159
44515 78361
339414 763266
339348 670859
339267 554197
170887 276178
319289 522777
238853 411917
339534 963010
339315 632709
260355 439350
339544 977132
217669 357557
339274 575130
339302 615706
131184 209430
339442 809973
7017 11988
339475 852889
89198 151334
156098 269786
339417 779899
339430 792418
11520 26672
57316 119082
339551 988338
96780 159239
189064 310946
314233 498330
339454 833371
339358 683655
129570 215680
31295 49105
339523 935213
255812 430890
303681 484348
315312 512553
339477 853824
339452 829342
134635 237306
339448 824283
339305 616663
339420 788044
302447 488295
339549 987498
327959 543578
339533 959351
339388 722490
78983 123998
339402 742218
339455 832100
339498 874351
8335 14228
315445 522488
95290 158742
142025 245147
332897 548238
339279 579612
317777 515763
339481 854170
339532 961041
339524 935429
211309 348641
244271 422211
304110 488875
334528 548563
53904 93480
339350 673614
339435 797728
153722 272035
339484 869200
99018 155726
339298 603875
339394 725750
131967 223051
136527 242002
31521 55347
137048 243943